   2.0000000e+00   1.1141108e-01  -1.4994315e+00  -8.4847458e-01   2.7197022e-01  -7.9416664e-01  -9.1638221e-01   8.8596537e-01  -9.0114234e-01  -8.7741467e-01  -7.8256530e-01
   2.0000000e+00   1.2623816e+00   5.0963877e-01  -1.5154037e+00  -2.4960423e+00   4.1261931e-01  -1.2373597e+00  -3.6285902e-01  -7.1646289e-01  -2.5105092e-01   9.6144408e-01
   2.0000000e+00  -4.5216628e-01   1.2516898e+00   4.7603990e-01   6.5267711e-01  -1.0167082e-02  -6.1207955e-01   1.7275628e+00  -1.6622498e-01  -7.4096740e-02   3.3766850e-01
   2.0000000e+00  -9.1791830e-01   1.0833006e+00  -1.6039608e+00   1.1587888e+00  -1.2513873e+00   1.1401191e+00   9.6148812e-01   4.6902042e-01  -3.0145027e-01   9.9795106e-01
   2.0000000e+00   6.1916889e-01   6.0929468e-01  -1.3936513e+00  -3.9790460e-02  -1.9416074e+00  -6.6871064e-01  -2.1844734e+00   7.4337117e-01  -1.7151797e-01   1.1901496e-01
   2.0000000e+00  -1.1706790e+00  -7.5194140e-01   4.9871805e-01   3.9536347e-01   1.3861898e+00  -4.1992272e-01  -3.5364050e-01   1.7388147e+00  -1.2088584e+00   9.8322357e-01
   2.0000000e+00   9.9290837e-01   2.4472077e-01  -3.3137435e-01   3.5589766e-01  -6.5998913e-01  -1.3996659e+00  -1.7345784e+00  -2.4833619e+00   4.4264603e-01  -2.1511804e-02
   2.0000000e+00   2.4215247e+00  -5.2399252e-01  -1.0736398e+00   2.9108208e-01   9.1577133e-01  -5.2116388e-01   1.5239491e+00   2.8657482e-01  -2.2506171e+00   4.1637945e-01
   1.0000000e+00  -1.1115951e-01   5.1256112e-01   2.2175606e-01  -1.0252683e+00   1.0702733e+00   4.3101266e-01  -2.7234848e-01  -1.1875854e-01  -3.9894209e-01   7.7596510e-01
   2.0000000e+00   2.2841079e+00  -7.4890150e-02  -6.8879767e-01  -3.5512935e-02   1.8721019e-01   4.1080844e-01   1.2204750e+00   8.4943991e-01   2.7362609e-01   4.0613579e-01
   1.0000000e+00   7.0603382e-01   6.8542846e-03  -5.0064956e-01  -1.0069876e+00   1.1855394e+00   1.7630097e+00   7.7620158e-01  -1.7679887e+00  -1.2789596e+00   1.1604817e+00
   1.0000000e+00  -1.9194442e+00   7.1910578e-01  -2.0272913e+00  -8.8400402e-01   3.4246085e-01   9.6311892e-01   5.9598284e-01   2.0274612e-01  -1.5571459e+00  -1.7426744e-01
   2.0000000e+00  -2.1840560e+00   1.4702537e+00   1.1478504e+00   8.7233257e-01   2.1061698e+00  -1.2727531e+00   5.5235173e-01  -8.5933360e-02   7.5385215e-01   1.5249402e+00
   2.0000000e+00   2.9880521e-01   1.3688935e-01  -8.1238146e-01  -1.0776702e-01   4.2614238e-01   7.2859150e-01  -1.5006525e+00   3.7030320e-01  -2.7262217e+00  -6.2197462e-01
   1.0000000e+00   2.7840072e-01   5.7964529e-01   2.7636106e-01  -5.9382347e-01  -4.5965319e-01   2.7965235e-01  -7.6980434e-01   1.4765723e-01  -1.0424658e+00   1.3098919e+00
   2.0000000e+00  -1.0422154e+00   7.3775660e-01  -7.6927954e-01   2.1910474e+00  -1.9253532e+00   4.8628514e-01  -3.6856179e-01  -8.2926711e-02  -1.1630484e+00  -1.3809053e+00
   2.0000000e+00   4.9486970e-01  -8.8136056e-01   8.6109213e-02   2.9927521e-01  -1.7532732e-01   9.0363715e-01  -6.4176461e-01  -1.1332902e+00  -1.2249134e-01   1.5784776e+00
   2.0000000e+00  -5.2511340e-01   3.7259534e-01  -9.7175226e-01  -2.0776075e-01   1.0637937e+00  -6.7822937e-01  -2.0511013e+00  -1.7923079e+00   2.1078800e-01  -2.5790385e+00
   1.0000000e+00   1.1965908e+00   5.2338957e-01   1.0171864e+00   4.6873052e-01  -2.4948371e+00   1.8344352e+00   5.0842930e-01   2.9254742e+00  -1.5929455e+00  -1.5192507e-01
   2.0000000e+00  -9.0563700e-01   1.0019722e-01   9.8494312e-01   5.0915998e-01   2.6682138e-01  -4.2075219e-02  -2.2923311e+00  -6.3627918e-01   1.6265030e+00  -8.2037253e-01
   2.0000000e+00  -1.9499477e+00  -1.3276971e+00   8.2821940e-01  -1.0342299e+00  -6.1067051e-02   4.1477036e-01  -1.3022692e+00  -2.6133517e-01  -2.0623784e+00   1.4026573e+00
   2.0000000e+00  -7.5394374e-01  -3.2673939e-01  -9.6698319e-01   4.4232155e-01  -2.4020567e-01  -1.6725685e+00  -1.2600044e+00   1.1627322e-01  -9.1629576e-01  -1.5758996e+00
   2.0000000e+00  -1.8032710e-01  -1.5994295e-01   2.3035922e-02  -9.7924688e-01  -1.0297851e+00   6.1929741e-01  -2.1066649e-01   2.5086131e-01  -3.3816740e-01   7.4048461e-01
   2.0000000e+00   2.3616601e-01   2.5025313e+00   1.0598919e+00  -3.1272587e-01   4.7030690e-01   7.7116436e-01  -6.5783168e-01   1.8957667e+00  -7.4404116e-02   1.5843273e-01
   2.0000000e+00   2.0116223e+00   6.0431287e-01   2.5195029e-01  -1.2565652e+00   1.3078190e+00  -6.4593082e-01   1.7381057e+00   8.5513232e-01   2.0356666e+00  -7.5859446e-01
   2.0000000e+00  -1.7310701e-01   1.2978806e+00  -7.9533528e-01  -4.8872602e-01   2.1811768e-01  -1.2347593e+00  -6.4389218e-01  -2.0232111e-01   1.4750216e+00  -2.7286354e+00
   2.0000000e+00  -1.7702975e+00   1.5584316e+00   5.5697429e-01  -2.4441892e+00   5.1019709e-01  -7.2794473e-01   3.4048165e-01   5.5141445e-01  -3.1226037e-01  -9.8727287e-02
   2.0000000e+00  -4.8865920e-02   1.5139305e+00   8.3036498e-01   3.2512449e-01   6.3192876e-01   1.2681285e+00   6.0552819e-01   3.9766931e-02  -6.1628580e-03  -1.6760072e+00
   1.0000000e+00  -1.9089356e+00   8.3533691e-01   2.1938681e-01  -3.3160818e-01   6.7849548e-01   1.2808292e+00  -1.5384863e-01  -2.7539315e-01   2.3554360e-01   6.3910496e-01
   1.0000000e+00   1.0031800e+00   4.4912511e-01   9.5109825e-01  -9.9166043e-01  -1.0645038e-04  -3.2789435e-01   1.6258594e-01   3.1012397e-01  -6.9531309e-01  -1.5698928e-01
   2.0000000e+00   6.2650148e-01  -7.0792804e-02  -9.1721877e-02   2.3281408e-01  -6.1570462e-01  -4.2957669e-02  -8.3025961e-01   1.6297553e+00   1.3678165e+00  -1.1181369e-01
   2.0000000e+00   1.8313047e-01  -6.1302276e-01   9.9955145e-02  -3.5138824e+00  -3.6359200e-01  -3.1335877e-01  -6.6332688e-01  -2.0995470e+00   2.7145569e-01   5.6049454e-01
   2.0000000e+00   3.6297966e-01  -4.0800562e-01   8.1254127e-01   7.1325344e-01  -1.1585360e+00   1.4662352e-01   1.1821701e+00  -1.5764579e+00  -9.9573548e-01  -3.6561012e-01
   1.0000000e+00   2.3070312e-01   5.0661179e-02   1.0748236e+00  -5.5295619e-01  -2.5921107e-01   1.8197569e-01   2.6513955e-01  -3.1450292e-02  -5.6237398e-01   4.5382483e-01
   2.0000000e+00   2.3012309e-01   1.0118919e-01   5.6800383e-01   8.2140237e-01   1.5609307e-01  -1.3049923e+00   1.4318065e+00   5.4139941e-01   4.8155269e-01  -2.1581662e-01
   2.0000000e+00  -8.7172377e-01  -1.3462818e+00   3.4900809e+00   5.8407354e-02   5.7681162e-01   1.6453784e+00  -4.6699611e-01   6.5465740e-01   5.5940089e-01   1.9129256e+00
   2.0000000e+00  -3.1723148e-01  -8.2155777e-02   5.7205870e-01  -2.8718598e-01  -6.9913813e-02  -1.7538844e+00  -5.1064978e-01  -5.6239558e-01  -1.6398272e+00  -6.7351070e-01
   2.0000000e+00   8.7302127e-01   7.7145946e-01   1.7750504e-01  -1.4462540e+00  -4.7834771e-01  -3.7988632e-01   1.3062050e+00   1.9703332e-01   9.4508150e-01  -4.7630990e-01
   2.0000000e+00   1.3103498e+00  -1.5972008e+00   5.1553990e-01   2.3271764e+00   9.3135711e-01  -5.2756629e-01   1.1614702e-01   1.3616970e+00   3.1752354e-01  -3.7066260e-01
   2.0000000e+00   2.7398492e+00  -1.2328793e+00  -3.4991723e-01   1.4895653e+00  -2.9887615e-01   4.2317227e-02   2.5725941e-01  -1.4549423e+00   1.6458416e+00   2.1206472e-01
   2.0000000e+00   7.6441299e-01  -1.9290503e-01  -1.1745166e+00   1.4890684e+00   1.9299429e+00  -1.7455390e+00   4.7591481e-01  -2.7403937e-01  -1.8079623e+00   9.0846494e-01
   1.0000000e+00   8.1293573e-01   3.1202055e-01  -1.9009828e+00   8.0316093e-01   3.0898017e+00  -9.5049390e-01   9.3571601e-01   6.9487898e-02  -1.9221762e+00   5.9122408e-01
   2.0000000e+00  -9.2558541e-01  -6.5139494e-01  -9.9581412e-01  -8.3787328e-01  -3.9538734e-01   1.9899338e+00  -5.3754077e-01   9.2772031e-01   3.7858422e-01  -1.0473746e+00
   1.0000000e+00   4.7977225e-01   1.4399017e-01   1.5273004e+00  -1.3433960e-02  -5.5283524e-01  -2.3337713e+00   9.2143927e-01  -2.8220890e-01  -6.7343194e-02   3.6357774e-01
   2.0000000e+00  -4.1178804e-01  -3.0588752e-01  -4.1352173e-01   1.7064741e+00  -9.3242939e-01  -2.4774572e-01   5.0372775e-01   3.6508027e-01   5.2053919e-02  -9.5521252e-01
   2.0000000e+00   1.4893701e+00  -2.8742434e-01  -5.9194149e-01   2.8867088e-01  -3.0376632e-01   1.3781076e+00  -1.0272605e+00   1.4380487e+00   5.5436777e-01  -5.6212947e-01
   2.0000000e+00  -2.1830917e-01  -2.4582388e+00   6.3354068e-01  -1.6126992e+00  -6.4775571e-01  -3.5594779e-01   8.3210262e-02  -6.9746190e-01   4.5067336e-02  -9.7171059e-01
   2.0000000e+00   7.6302156e-02   1.4665975e+00   4.3117909e-01  -2.5064100e+00  -2.6315471e-01   1.8775988e+00   3.4063048e-01  -4.5020342e-01  -1.8415494e+00   1.6333929e+00
   2.0000000e+00   1.4446485e+00   4.1734883e-01   3.9785531e-01   4.3270929e-02   8.3725618e-01   1.6247492e-01  -9.4117422e-01   9.2186170e-01  -1.5828612e+00  -7.0151180e-01
   2.0000000e+00   1.1031558e-01   1.7417419e-01  -1.9739324e+00   1.4069878e+00  -5.2120482e-01   3.2759743e-01   1.2131680e+00  -1.0214914e+00  -1.4016329e+00   1.2609377e+00
   1.0000000e+00  -2.9832895e-01   4.6557848e-01   2.2937883e-01   7.4595251e-01   3.2539726e-01  -1.8982722e-01   7.5593151e-01   1.5707092e+00  -5.2037627e-01   1.0420356e+00
   2.0000000e+00  -4.4684280e-01  -1.2169222e+00  -9.9548827e-01   1.3928715e+00   4.8974167e-01  -8.7942160e-01  -1.2461336e+00  -6.6961704e-01  -3.5970054e-01   1.6879500e+00
   1.0000000e+00   9.9828404e-01   1.6827856e-01   1.9055410e-01   9.8416023e-01  -4.1773728e-01   1.5975533e+00   1.5233008e-01  -9.6624225e-01  -1.9248354e-01   1.0860174e+00
   2.0000000e+00  -1.8554374e-01  -1.6705119e+00   3.8175346e-01  -2.5217654e-01   1.6756170e+00   1.4156040e+00  -1.0369486e+00   2.4577250e+00  -8.3343981e-01  -1.0878548e+00
   2.0000000e+00  -4.7017615e-01  -3.5540058e-01  -2.4053187e-01  -6.3725142e-01   7.1396373e-01  -5.6656591e-01  -1.3912180e+00  -1.4824500e+00   5.0327472e-01  -2.3953669e-02
   1.0000000e+00  -2.0848517e-01   2.2704425e-03  -8.7599088e-02   8.6500174e-01   1.2346799e+00  -1.7212327e-03   3.9730992e-01  -1.5642808e+00  -1.1539318e+00   1.0660098e+00
   2.0000000e+00   3.9787694e-01  -4.2933260e-01  -5.3812112e-01  -1.2467066e+00   2.9245308e-01   1.9246413e+00   6.1511179e-02  -1.1055024e-01  -1.0935070e+00   1.0001105e+00
   2.0000000e+00   1.0433903e+00  -2.0489234e-01  -8.0739308e-01   1.3664100e+00  -1.2414012e+00  -8.1221982e-01  -1.9939803e+00   4.6858868e-01  -7.8175079e-01  -4.1634706e-01
   2.0000000e+00   1.7558093e+00  -6.4420234e-01  -1.0828968e+00  -9.4482028e-01  -1.3675301e-01   7.3044150e-01   2.0897516e+00   4.9948120e-01  -5.4290086e-01   6.3247957e-01
   2.0000000e+00  -5.1171728e-01   1.7122397e-01   1.4483530e+00  -2.1676272e+00   2.1557536e+00   6.3237424e-01   1.6555814e+00  -5.6000990e-01   1.2031823e+00   8.2428108e-01
   2.0000000e+00   4.3232344e-01  -7.5368189e-01  -1.3152762e+00   2.0706568e-01   1.0310999e+00  -2.9219275e-01   9.8430012e-01  -1.0555895e+00   2.1159383e-01   7.1799669e-02
   2.0000000e+00  -2.8104711e-01  -1.5944620e+00   3.9827441e-01  -1.0781901e+00   9.0461823e-01  -1.3100816e+00   1.4579212e+00   5.0234092e-01  -7.5379573e-01  -9.5270958e-01
   2.0000000e+00   2.9235251e-01   3.0977281e-01   5.5108050e-01   4.5101572e-01  -2.9389266e-01  -1.8475250e+00  -9.7908670e-01  -4.7946783e-01  -7.6077284e-01  -1.5000355e-01
   2.0000000e+00  -5.9171675e-01  -6.9105320e-02  -9.5615134e-01   1.2732348e-01  -1.7097801e+00  -1.9146403e-01  -1.2285653e-01  -7.8837463e-01   8.1398870e-01  -8.5011663e-01
   2.0000000e+00  -1.7519208e+00   2.3261283e+00  -4.1309371e-01   6.5249497e-01   1.0146448e-01   1.1171615e-01   2.0976274e-01  -2.5369598e-01   2.3578722e-02   5.5261261e-01
   2.0000000e+00  -7.0244681e-01   6.6465753e-01  -1.0774389e+00  -5.8570648e-01  -7.6616274e-01  -5.4803343e-01  -2.9802613e+00   1.9699368e+00   1.9995808e+00   4.4281986e-02
   2.0000000e+00   4.2271290e-01  -3.3020714e-01  -2.2480175e+00   2.4247548e-01   9.6636790e-01  -8.7072991e-01  -6.2245446e-01  -1.2761410e+00  -1.5727281e-01  -3.8882033e-01
   2.0000000e+00   4.2255999e-01  -7.6292124e-01   1.0784736e+00   1.3625122e+00   7.5584444e-01   4.8005321e-02  -2.1379356e-01  -9.1844756e-01  -1.0952833e+00  -1.7937639e+00
   1.0000000e+00  -8.0725221e-01   3.3917415e-01   1.0115714e+00  -1.7981254e-01   7.6047959e-01   2.6673287e+00   2.2351979e-01  -2.3955414e-01   5.9159786e-01  -8.6240956e-01
   2.0000000e+00   6.7895997e-01  -7.7458046e-01  -8.9411343e-01   6.5969964e-01   4.2792968e-01  -2.7797299e-01   4.8930412e-02  -9.9823062e-01  -1.0772340e+00  -4.3958751e-02
   2.0000000e+00  -1.6435491e-01  -9.2507558e-01   8.7609810e-01   6.1538912e-01  -1.3581120e+00  -2.0161460e+00  -5.4396938e-01   3.7934763e-01  -4.2850271e-01  -2.6123788e+00
   2.0000000e+00   7.1389706e-01   7.4671545e-01   8.0533648e-01   7.8867342e-01  -8.9181735e-01   9.9971371e-01  -8.7618570e-01   5.7117815e-03   1.2050666e-01  -8.4754854e-01
   2.0000000e+00   4.0618801e-01  -1.9569502e+00   6.0392389e-01   9.9130362e-03  -1.4141966e+00  -6.5067883e-01   4.9332946e-01   1.4069736e-01   9.8345109e-01   1.1344037e+00
   2.0000000e+00  -3.6509095e-01   1.3468591e+00  -7.9782915e-01  -8.1955923e-01  -3.4766711e-01  -3.1222434e-01   9.4332508e-01  -4.6911101e-01  -1.5390868e+00   7.7452897e-01
   2.0000000e+00  -4.8080691e-01  -2.6096097e-01   1.0911633e+00   1.7440580e+00   3.2057818e-01   4.3241199e-01  -3.0704524e-02  -1.0920697e+00   4.3807130e-01  -3.2275634e-01
   2.0000000e+00   1.2156920e+00  -7.5325673e-01   1.0081693e-01   1.2235547e+00   9.8068173e-01   9.6577047e-01   8.1278035e-01  -3.1142702e-01   9.1174038e-01  -4.3470361e-01
   2.0000000e+00  -4.4798141e-01   3.9403530e-01  -1.8125939e-01  -4.8022667e-01  -3.8648165e-01  -7.5476786e-01  -1.2268583e+00  -1.0489571e+00  -4.7529029e-02   6.6695125e-01
   2.0000000e+00  -2.6456189e-02   2.2913931e+00  -2.9427472e-01  -8.0627467e-01   8.0479574e-01  -4.3384668e-01  -6.1622907e-01   1.6054838e+00   1.8600937e-01  -1.1574710e-01
   2.0000000e+00   1.4586441e+00   1.6732722e-01   3.4081970e-01   2.7202004e+00  -6.3651462e-01  -2.8629858e+00   3.4001414e-01  -1.9684548e+00  -6.9766553e-01  -1.2822597e-01
   2.0000000e+00  -1.2741359e+00   2.1033274e+00  -7.1997254e-01  -1.2411087e+00  -5.2704756e-01  -9.4512790e-01  -1.6417158e-01  -1.0137966e+00  -1.3111978e+00   1.6208316e-01
   1.0000000e+00  -4.8659912e-01   8.7955951e-01   6.7568109e-01   5.9161240e-01   1.1058766e-01   1.0773949e+00   3.9772256e-01  -5.6194957e-01  -5.9966283e-01  -1.1910820e+00
   2.0000000e+00  -1.9860764e-01   1.4592662e+00  -5.0189982e-01   4.8064701e-01  -4.7844274e-01  -1.7677202e+00  -3.4465258e-01  -8.3045092e-01  -3.7993947e-01   4.3786704e-01
   2.0000000e+00   1.7648951e-01   1.8299592e-01   5.4095363e-01  -4.2978208e-02   4.2481324e-02  -2.0586442e-01   1.9278249e+00  -5.5484878e-01  -7.9367344e-01   9.9476637e-01
   1.0000000e+00   7.8974695e-01   6.0424197e-01   5.7652885e-01  -1.3634713e+00   1.6708115e+00  -6.6964466e-01  -2.9070089e-01  -4.3201668e-01  -6.2010948e-01  -1.7699912e-01
   2.0000000e+00  -6.3506594e-01  -1.6449806e-01   7.0271069e-01  -7.8444497e-01   7.1776085e-01   7.1859345e-01   1.4941597e+00   3.8588036e-01  -1.2110045e+00   5.0145393e-01
   2.0000000e+00   6.7617538e-01  -1.1954855e+00  -1.0738956e+00   7.4949496e-01   1.5917808e-01   1.7002977e-01   5.0430402e-01  -1.9511894e-01  -1.2143974e+00   6.1115378e-01
   2.0000000e+00   3.3586271e-01  -3.3416755e-01   4.1744200e-01   7.6410523e-01   1.1957288e+00   1.0455966e+00   1.4350589e+00   7.3869898e-01   9.4819665e-02   2.0709928e-01
   2.0000000e+00  -4.0479261e-01  -9.0418947e-01   2.4177832e+00   1.9143294e-02   2.4312532e-01  -1.5386819e+00   1.0942621e+00   8.9399563e-01   2.4631341e-01  -1.2522579e+00
   1.0000000e+00   3.8919983e-01   5.5929597e-01   3.6818762e-02  -6.8278238e-01  -1.3563619e-01  -1.5104394e+00   6.1615461e-01  -1.4743738e-01   1.1147505e-01  -7.9321930e-01
   1.0000000e+00   5.6722189e-01   6.2782328e-01  -1.7823591e+00   9.9245320e-01  -3.3102417e-01   6.6745908e-01   5.1962227e-01  -1.1354434e+00   1.2403096e+00  -7.8966983e-01
   2.0000000e+00  -6.2669180e-01  -1.4197194e-01  -2.6110922e-01  -1.1822544e+00   1.3461520e+00  -3.1266786e-01   1.3714676e-01  -2.2222202e-01  -2.0595660e-01   1.3672189e+00
   2.0000000e+00  -2.0489497e+00   4.8555562e-01  -2.4356306e+00  -6.6988274e-01  -1.2272927e+00   2.2650960e+00   1.2714097e+00   6.5606303e-01   8.7580416e-02  -1.4284675e+00
   1.0000000e+00  -8.8470627e-01   3.0057092e-01  -8.0701639e-01   7.7551773e-01  -1.7887594e-01   2.2528040e-01   1.3542234e-01  -4.6556348e-01  -3.3269915e-01  -2.1940889e-01
   2.0000000e+00  -3.2714191e-01   1.5849227e-01  -5.4914429e-01   9.0505419e-01   5.5652822e-02  -1.0675378e+00   2.1623478e+00  -1.0400304e+00  -5.1401132e-01  -4.6061149e-01
   2.0000000e+00  -7.9852829e-01   6.9843671e-01  -2.4540785e-01   1.1536332e-01   3.9851287e-01   1.3427542e+00   1.7040393e+00   1.1839018e+00   2.4841519e-01   1.5605882e+00
   2.0000000e+00   5.0881120e-01   1.8269685e-01  -1.1908352e+00   9.2705995e-01  -9.8305326e-01  -4.7919524e-01  -1.2534092e+00  -5.1344138e-02  -1.2198939e+00  -5.1373502e-01
   2.0000000e+00   2.6766878e-01   1.8654500e+00   4.0969647e-01   9.2306451e-01  -6.1305643e-01  -1.3294484e+00   1.0287381e+00  -1.4355762e+00  -7.7760699e-01   1.3955637e+00
   2.0000000e+00   2.1467196e+00   5.3874930e-01   1.1741718e+00  -2.3628901e-01   4.7403033e-01   1.3810709e-01   1.1086602e+00  -1.2060653e-01  -8.1925128e-01   1.5293971e+00
   2.0000000e+00  -1.9041122e+00   1.3117945e+00   8.1312252e-01   4.5942598e-01  -7.1740992e-01  -1.8347146e-01  -1.5651088e+00  -2.1583148e+00   5.0594387e-01  -1.4932830e+00
   2.0000000e+00   9.6569206e-01  -1.1199226e+00  -7.0967058e-01   7.6081394e-01   1.5909644e-01  -6.3752033e-01   1.4494897e+00   1.1918553e+00   9.1167085e-01   2.4972683e+00
   2.0000000e+00   1.1802248e+00  -1.6167123e-01  -1.1839838e+00   7.6256575e-02   5.1712338e-01  -5.1994692e-02   6.9017495e-01   4.6286370e-01   9.4443216e-01   1.5349508e+00
   2.0000000e+00  -3.8871233e-01   6.4942915e-01  -5.9508658e-01   3.4414551e+00  -4.5156644e-01   2.1142008e+00   5.7594635e-01  -1.1588198e-01   3.4713086e-01  -6.7222707e-01
   2.0000000e+00  -2.6407007e-01  -7.2502496e-01  -3.2039747e-01   8.4803724e-01   4.1354081e-01   1.6950234e+00  -8.8306476e-02   8.0652671e-01  -5.0353148e-01  -7.2139013e-01
   1.0000000e+00  -1.0180865e+00   4.6666050e-01  -3.9981380e-01  -8.8030028e-01   6.9188026e-01   2.5281280e-01   1.5170912e-01   1.3241687e+00  -1.2339318e+00  -1.4022550e+00
   1.0000000e+00  -6.5893922e-01   6.6586873e-01   6.8061494e-03   7.6823391e-01  -9.3327472e-01  -1.1692906e+00   6.4364229e-01   1.3118194e+00  -9.2971814e-01  -1.9952359e+00
   2.0000000e+00   1.4126680e+00  -5.1013162e-02  -9.2605367e-01   1.0887881e-01  -1.1532029e+00   3.0481571e-01  -6.1875806e-01   3.3698802e-01  -2.8261978e-01  -1.4665504e-01
   2.0000000e+00  -1.0306843e+00  -6.4299098e-01   1.1255086e+00   1.6743869e-01   2.4402289e-01   5.2158548e-01  -5.7049857e-01   1.2494885e+00  -8.3753583e-01  -2.7065822e-01
   2.0000000e+00   6.5684473e-01   7.0780116e-01  -1.4075027e+00  -6.6392318e-01   2.6450538e+00  -1.6124167e-01  -7.7872308e-01  -3.5354101e-01   8.6280604e-01   2.8898901e-01
   2.0000000e+00   2.0322687e-02  -9.8828941e-01  -1.8491839e-01  -5.8719389e-01  -4.6323915e-01  -1.3394948e+00  -2.9597570e-01  -3.4828393e-01   5.1389899e-01  -3.1079877e-01
   2.0000000e+00  -8.3460077e-01   1.2968104e+00   9.8910595e-01  -2.8022259e-01   6.9077797e-01   6.8853040e-01   3.2245781e-01   1.2723760e+00  -1.6666140e-01   1.5873969e-01
   2.0000000e+00  -2.8507099e-01  -5.1658173e-01   5.9540581e-01  -2.7776605e-01  -1.8088794e+00  -1.4964998e-01  -1.3652509e+00  -1.3322048e+00  -9.8522761e-01  -2.3789422e+00
   1.0000000e+00  -1.3014917e-01   9.1782627e-01   2.0245296e-01  -1.4258441e-01   2.7106822e-01   9.4736584e-01  -2.9295326e-01   1.0688051e+00   1.8615830e+00  -2.5441793e-01
   2.0000000e+00   5.0824740e-01   7.8789465e-01  -2.4562771e+00   2.9453022e-01   6.5956745e-01   1.4145085e+00  -1.4149720e+00   1.4842188e+00   2.8248483e-01   6.2442911e-01
   1.0000000e+00   4.6701877e-01   3.2561069e-01   1.3461329e+00  -6.6415256e-01  -1.5319840e+00   3.2673354e-01   6.1957128e-01   7.8325440e-01  -3.2147550e-01   5.7780583e-01
   2.0000000e+00   7.9744551e-01   1.2408477e+00   9.3774154e-02  -1.2237325e+00   4.1512788e-01   5.5696199e-01  -6.8961165e-01   1.3882898e+00  -5.9261856e-01  -1.2374890e+00
   2.0000000e+00  -1.1737650e+00   1.8921829e+00   8.8735784e-01   9.5124554e-01  -5.6373317e-01  -8.9352969e-01   2.1166723e+00   2.5598355e-01  -7.1416478e-01   1.1192201e+00
   2.0000000e+00  -1.1059327e+00  -6.3634988e-01  -8.1025644e-01   7.9448124e-01   3.0732692e-01   7.5964162e-01  -7.7641239e-01   5.2391710e-01  -1.1579642e+00  -1.1321150e+00
   2.0000000e+00   2.0257168e-01   9.4070475e-01   1.9126035e+00   8.5629301e-01   1.3256823e+00  -1.2855123e+00   1.0339464e+00  -1.7991725e+00  -1.5502864e+00  -9.5098288e-01
   2.0000000e+00   1.2439406e+00  -1.8624622e+00  -5.2340879e-01  -8.4957918e-01   4.8656127e-01   4.2000647e-01  -4.9299281e-01  -3.8123322e-01  -4.8861472e-02  -1.5680100e+00
   2.0000000e+00   1.1966553e+00  -2.5662438e-01  -8.4514183e-01   1.2483236e+00   1.0326551e+00   1.6107987e+00  -1.2776870e+00  -5.5875332e-01   3.7029829e-01  -1.5007117e+00
   2.0000000e+00   3.7508389e-01   9.8681563e-01   9.6951114e-01   8.1547970e-01   8.7536406e-01   6.4609832e-01   5.7557032e-01   1.3156935e+00   4.0470791e-01  -3.6785189e-02
   1.0000000e+00   4.1494430e-01   4.9604681e-01  -1.1755517e+00   1.5643690e+00  -1.3914150e-01   7.3591431e-01  -8.0070616e-01  -2.2811004e-01  -6.7539821e-01   3.1303833e+00
   2.0000000e+00  -9.2945595e-01  -5.3209878e-01   7.3312028e-01  -5.5042832e-01  -9.0214364e-01  -2.0793760e-01  -1.1333491e+00  -1.1457020e+00   4.8578047e-01  -8.4296273e-01
   2.0000000e+00  -5.1029509e-01  -5.9657256e-01   9.5514682e-01   6.4627555e-01  -2.9254824e-01  -9.3053586e-01  -2.9158301e-01   4.1763935e-01   6.2890730e-01   8.7795307e-01
   2.0000000e+00   6.3167558e-01  -6.7944113e-01  -1.6025174e+00   5.5211434e-01   4.3158973e-01  -2.8282488e-01   6.4873643e-01   1.4419010e+00  -2.7877126e+00  -1.8511070e-02
   2.0000000e+00   1.8860664e-01  -1.3339143e-01  -4.3155388e-01  -1.3524684e+00  -9.4037292e-01  -2.2418641e+00  -9.1513318e-03   4.4057751e-01   3.4374999e-02  -4.4735094e-01
   2.0000000e+00  -3.1586313e-01   1.0392157e-01  -4.3099517e-01   1.3039982e+00  -7.9243843e-01   2.7848529e-01   1.4736015e+00  -2.3116871e+00  -7.2101951e-01  -4.2737804e-01
   2.0000000e+00   1.0375012e+00  -1.4325858e+00  -1.0511519e+00   4.7690712e-01  -3.5415020e-01   4.8234625e-01   1.0349973e-01   2.3584891e-01   4.3957224e-01  -1.9013524e+00
   1.0000000e+00   8.3565993e-01   6.2141743e-01   6.7702425e-02  -9.6749192e-01  -8.8252566e-01  -1.8041911e-01  -1.2475470e-01  -2.1856761e-01  -1.2898449e+00  -8.2034252e-01
   2.0000000e+00   9.8358132e-01   8.7086891e-01   2.1624637e-01   1.1291544e+00   1.2981169e+00   9.1615612e-01   6.8744879e-01  -1.0227907e+00   9.6848168e-03  -7.9171344e-01
   2.0000000e+00  -2.2278627e-01  -5.4564335e-01   7.7920447e-02   4.0642345e-01   2.2158345e-02   4.2682038e-01  -7.8542619e-01   3.6560373e-01   1.1095130e+00  -6.5846785e-01
   2.0000000e+00   1.8535823e+00  -1.2685423e+00   6.8282739e-01   3.3744003e+00  -1.7502946e-01   7.2730754e-01  -1.1166626e-01   5.3153661e-01   1.3635560e-01   4.8872130e-01
   2.0000000e+00   1.6049710e+00   9.0139200e-01  -1.8426966e+00   1.8949218e+00  -2.2177668e-01  -8.3530454e-01   1.1501926e-01  -9.6343775e-01   7.2528573e-01   5.8964478e-03
   2.0000000e+00   1.6589891e-01  -7.7557738e-01  -7.7238847e-01  -2.2501096e+00  -1.8448121e-01   1.6437918e+00   6.5174088e-01  -2.2189068e-01  -4.6977935e-02  -3.7388163e-01
   2.0000000e+00  -5.3678413e-01   8.0049041e-01   7.7269112e-01  -2.8462688e-01   1.2156901e+00   4.9634148e-02  -1.6523655e+00   1.2114459e-01  -6.9809431e-01  -8.6878303e-01
   2.0000000e+00   9.5779160e-01  -3.0408959e-01   3.7971025e-01  -3.1540584e-01  -2.2171856e+00  -9.5113534e-01   4.7034994e-03   9.6374512e-02   2.5828337e-02  -6.0333168e-01
   2.0000000e+00   2.5352097e-01  -1.3698933e+00  -1.4510902e+00  -3.0116224e-01   5.0029858e-01  -9.0117437e-01  -1.8313932e+00  -5.5143334e-01   3.8298859e-01  -1.4024276e+00
   2.0000000e+00  -6.3789406e-01  -2.8526192e-01   3.9610640e-01   2.2407387e-01   3.6115762e-01  -5.5968677e-01  -9.3431211e-01   2.2777406e+00   1.8329517e+00   9.0342855e-01
   2.0000000e+00   1.0535948e-01   7.4906753e-01  -4.9144199e-01  -9.2364413e-01  -5.8367095e-01   1.0070667e+00   8.4774309e-01  -1.1591865e+00  -1.0884808e+00  -1.8748572e+00
   1.0000000e+00   3.7637612e-01   5.1680031e-02  -7.6944660e-01  -2.3529627e-01   2.5680265e-01  -2.4130704e+00   7.7560906e-01   1.2630261e+00  -1.3357203e+00  -1.0686611e-01
   2.0000000e+00  -7.9320140e-01  -8.8812137e-01  -6.1037667e-02   9.2480097e-02   4.0241557e-01  -2.7344748e-01  -1.0000216e-01   1.0749926e+00  -2.4561715e-01  -7.5116707e-01
   1.0000000e+00   9.4076690e-01   4.9894187e-01  -3.7428611e-01   8.1175769e-01   6.7448386e-01  -9.3377220e-01   1.7383394e-01  -2.4928857e-01  -2.7710661e+00   1.2221685e+00
   2.0000000e+00  -5.4394145e-01  -8.2657947e-01   9.1742086e-01   9.2391056e-01   1.3635541e+00  -1.7117371e+00  -2.8663093e-01  -3.6917154e-01  -3.7570429e-01   1.4792825e-01
   2.0000000e+00  -4.6643523e-01   2.8713632e-01  -1.8562598e-01  -6.1208277e-01  -1.4514091e+00   5.2142221e-01  -1.1962465e+00  -5.5057615e-01  -2.2363345e-01   1.6039025e+00
   2.0000000e+00  -1.1245574e+00   1.7826472e-01  -1.1773986e+00   4.7261731e-01   1.0577094e-01   9.8780544e-01   1.7202164e+00   1.0198763e+00   3.7970623e-01   2.0105486e+00
   2.0000000e+00   6.9277382e-01  -2.7790395e-01   1.0069066e+00   1.0347241e+00   3.0697030e-01   8.8224696e-01  -2.2119753e-01  -8.3762156e-01   1.5312509e-01  -2.1658190e+00
   2.0000000e+00  -1.1552786e+00   1.7994141e+00   4.3397935e-01  -6.3487525e-01   2.0262479e+00  -1.7167080e+00  -2.4775258e-01   1.7329008e-02  -5.4024051e-01  -1.5615375e-01
   2.0000000e+00   2.6346026e+00  -5.8124916e-01  -5.2408318e-01   7.2611220e-03   1.7090370e-01   1.7496563e+00   1.6488122e+00   9.9156603e-01   8.9585374e-01  -7.2791219e-01
   2.0000000e+00   1.3026674e-01  -1.8330055e+00  -1.6275384e+00  -1.2919513e+00  -7.4521059e-02   2.3095830e+00  -1.8451015e+00   1.7105470e-01  -1.8121511e-01  -1.7614170e+00
   2.0000000e+00   7.2101259e-01  -9.7528716e-01  -1.2233343e+00   1.7648610e-01  -8.5614796e-02   5.6638023e-01   7.8566700e-01  -4.5569349e-01  -1.9241104e-01  -9.6703556e-01
   2.0000000e+00  -1.3370007e+00  -4.8049049e-01   1.2508912e+00  -4.0536371e-01   1.1603943e+00  -1.1106153e+00   1.3275583e+00   1.6652712e+00  -8.4022098e-01  -6.8893184e-01
   2.0000000e+00  -2.5713386e-01  -2.1537338e+00   1.5444591e+00   4.7429020e-01   1.5348735e-01  -2.2863166e-01  -1.8899586e+00  -7.6010594e-01   6.3022657e-02   6.1681206e-01
   1.0000000e+00   3.0205387e-01   1.3445826e-01   7.7570116e-01   1.1826473e+00  -2.5880196e-01   1.0874346e+00  -2.6591772e-01   7.2072215e-01   5.7312350e-02   1.3242208e-01
   2.0000000e+00   1.9700715e-01   2.1774078e-01  -1.4012153e-01  -6.8187330e-02  -7.7371164e-02  -7.4150077e-02   1.8995654e+00   5.9732348e-01   9.3410289e-02   6.6031546e-01
   2.0000000e+00   1.4132603e-01   2.1412922e+00   1.2764684e-01  -3.4143459e-01   1.5204213e-01   7.6655620e-01   8.5569404e-01   2.3476448e-01  -5.7438903e-01   1.8776764e-02
   2.0000000e+00  -7.7548476e-01  -4.6380410e-01   1.8280045e-01   8.2990432e-01   1.0643585e+00   8.0507120e-01  -1.5263997e-01   1.5560101e+00   4.9460740e-01  -9.7189234e-01
   2.0000000e+00  -3.4829980e-01  -8.5667366e-01   3.0043210e-01  -2.7621615e-01   7.2446430e-01   8.5547217e-01   5.9882279e-01  -4.8446647e-01  -2.2956156e+00  -5.9446283e-01
   2.0000000e+00  -2.5171416e-01  -2.2168839e-01  -5.1283151e-01   2.3142566e+00   1.1794628e-02  -2.5794655e-01  -9.4455756e-01  -1.2067207e+00  -1.7825612e+00  -2.6046209e-01
   2.0000000e+00  -9.5311095e-01   1.6023735e-01   1.3558729e+00   5.9807335e-01   1.5468919e+00  -6.7599094e-03   1.3288068e+00  -6.7342278e-01  -1.4086159e-01   4.8886795e-01
   1.0000000e+00   1.5002180e+00   1.7962243e-01   5.2095607e-01   1.1800989e+00   6.9254521e-01  -1.3537052e+00   8.4797808e-01  -2.0616880e+00  -1.8274384e+00   1.0233439e+00
   2.0000000e+00   6.1914546e-01  -1.0362269e+00   5.9846074e-01   1.6183918e-01   1.2698734e+00  -4.2843129e-01  -4.3562771e-01  -7.8330450e-01   1.1438701e+00  -6.6755922e-01
   1.0000000e+00   4.1011272e-01   3.9636579e-03  -2.6314583e-02   1.1471730e+00   7.6716125e-01   1.2961109e-01  -6.6194496e-02   1.3713615e-02   6.4342839e-01  -1.7875142e+00
   1.0000000e+00   5.6565823e-01   2.8127166e-01   1.0911721e+00   7.2159911e-01   1.3286353e+00   1.0564155e+00   6.7886978e-02  -9.5405882e-01  -3.4025565e-01  -6.9745010e-01
   2.0000000e+00  -1.2100022e+00  -6.6568315e-01   7.5686873e-01  -1.6064000e+00   2.1865119e-01   1.1061076e+00  -7.5291756e-01   1.2403772e+00  -1.5828097e+00   1.0283077e-03
   2.0000000e+00   5.5126265e-01   1.2366808e-01  -3.4732095e-01   1.2708390e+00  -1.8062653e+00  -2.6910564e-01   1.6402935e+00  -1.0748687e+00  -5.9033554e-02   8.3882059e-01
   2.0000000e+00   1.1233472e+00  -7.7100065e-01  -8.9195000e-01   7.6829960e-01   7.1543949e-01  -6.8208292e-01  -2.2974179e+00   1.0170640e+00   5.5349248e-02   2.7830331e-01
   2.0000000e+00  -8.9840723e-01  -1.3638732e+00  -1.1084341e-01  -1.5615286e+00   1.4923027e+00   2.3759347e-01   3.3856146e-02   7.3785245e-01  -2.0761862e-01  -9.8487748e-03
   2.0000000e+00  -7.3468761e-01   1.5945317e+00   1.0572280e+00   9.7456092e-01  -1.1836369e+00  -5.6284928e-01  -5.7311623e-01   5.2959832e-01  -3.0336776e-01  -5.4799709e-01
   1.0000000e+00   7.2003937e-01   8.1601206e-01   1.5216440e+00   7.2977694e-01   1.2792202e+00   3.2676421e-01   4.8825188e-01  -7.9960963e-01   9.2529491e-01  -2.6685362e-01
   2.0000000e+00  -5.7120629e-01  -4.8260715e-01  -1.6175956e+00  -7.3476604e-01   4.1000192e-01  -6.1931272e-01   8.1730918e-01   6.0868474e-03   6.4633819e-01  -3.7234532e-01
   2.0000000e+00  -1.9253418e+00   9.1069421e-01  -1.5580824e+00   1.3734484e+00   1.8748986e+00  -2.3071435e-01  -6.0114989e-01   1.0442617e+00   5.1889685e-01  -3.7706504e-01
   2.0000000e+00   9.5450064e-01  -6.5084911e-01   4.2276169e-01   8.1333326e-01  -1.0596934e+00  -3.3443722e-01  -1.5471949e+00  -1.0544865e+00   1.4041213e+00  -3.4209324e-01
   1.0000000e+00   2.2910489e+00   3.2642312e-01   1.1750644e+00   3.1700753e-02   8.4327556e-01  -1.7027772e-01   5.1404664e-01   2.0112522e+00  -1.3873922e-01  -2.0716924e+00
   2.0000000e+00  -1.2010779e-01  -2.6779631e+00   4.1995704e-01   7.7901003e-01   2.3604991e-01  -4.0165485e-01  -9.7885056e-01   1.7053233e-01   8.9682965e-01   2.2894135e+00
   2.0000000e+00  -8.6340858e-01   6.7445465e-01  -8.6587494e-01   5.3888937e-01   6.7457817e-01   1.3324103e+00  -1.9791408e+00   8.6110808e-01   1.3156753e-01  -1.6343433e+00
   2.0000000e+00   7.5143670e-01  -4.7701876e-01   1.1644173e-01   1.4053394e-01   4.4828862e-01  -3.6181682e-01   1.5795649e-01  -7.1537596e-01  -1.6833661e-01   2.3583144e-01
   2.0000000e+00  -6.9924231e-02  -3.3038228e-01   1.2660499e+00   1.5116251e+00   9.5598113e-01   8.5391282e-01  -7.1198727e-01   1.7346596e-01  -1.1378401e+00  -3.1066679e-01
   2.0000000e+00  -1.2086465e+00  -6.4239721e-01   6.8736750e-01   4.0878495e-01   2.7106693e-01   3.1291801e-01   7.4946769e-01   1.0848338e+00  -2.0062775e-01  -2.7575880e-01
   2.0000000e+00  -7.5856906e-01   1.7732534e-01  -2.7105172e-01   2.2629056e-01   9.0748046e-01  -2.5718910e-01   1.0631353e+00   4.8127195e-01  -7.7389048e-01   2.3511093e-01
   2.0000000e+00  -1.1675706e+00   4.2430630e-01  -1.3888496e+00   1.4029688e+00   6.6472436e-01  -2.3483731e-01  -1.3180263e+00  -1.1467944e+00   1.7464745e+00   7.4393645e-01
   1.0000000e+00   1.3851602e+00   9.7796188e-01   8.4295396e-02   6.0008409e-01  -5.3100558e-01   1.3253380e+00  -1.7123245e-01   1.2273303e+00  -6.9629865e-02  -9.6663880e-01
   1.0000000e+00   1.9074378e-01   5.3984355e-01  -1.1415017e+00   4.2460959e-02   9.4358132e-01   1.3574826e+00   2.9896679e-01   8.6315213e-01   9.7865856e-01   7.6429304e-01
   2.0000000e+00  -1.0452782e+00  -1.7948057e-01   1.0370063e+00   2.0652541e+00  -1.5442508e+00  -9.1083656e-01  -9.7578691e-01  -1.4924780e+00  -1.6978732e-01  -3.5008720e-01
   2.0000000e+00   8.6129099e-01  -4.1396924e-01   5.3941512e-01  -1.4184510e+00  -5.3753995e-01   1.8449412e-01  -1.4734743e+00  -2.1305679e-01   4.9781397e-01  -2.8947755e-02
   2.0000000e+00   4.2243215e-01  -5.9345708e-01  -5.2438146e-01  -9.8051878e-01   1.5964613e-01   1.6273799e-01  -7.2888952e-01  -4.6103304e-01  -5.1608407e-01  -1.2850745e+00
   2.0000000e+00  -1.0543299e+00   1.7522519e+00   1.3022453e+00   1.1040787e+00  -2.0330006e+00   5.6677217e-01   6.7580422e-01   1.9169325e+00  -1.1062415e+00  -1.5660290e+00
   1.0000000e+00  -6.5035283e-01   5.5445914e-01   8.1647206e-01  -1.5546191e+00  -7.1392873e-03   3.3288283e-01  -2.4536532e-01  -3.4941715e-01  -1.7056937e+00  -3.8067896e-01
   2.0000000e+00   6.6323026e-01   9.7413452e-01   9.4702315e-01   8.3381733e-02   3.2408444e-01  -1.0774296e+00   8.8264322e-01  -3.6409056e-01   7.7913633e-01  -1.9538951e+00
   2.0000000e+00   3.4444503e-01   1.9269321e+00  -4.2552399e-01  -2.2784547e+00  -2.5781224e-01   7.2022678e-01   1.2595046e+00  -1.2155976e+00   1.4888290e+00  -1.4009279e+00
   2.0000000e+00   2.1219216e-01   2.8809639e-01   1.4548207e+00   1.7100219e+00  -5.6242361e-01   4.1452596e-02   1.2983322e+00  -2.1916670e-01   2.5390916e-01  -6.6239404e-02
   2.0000000e+00   8.6014584e-01   9.7347575e-01  -5.7479643e-01  -3.6856894e-01  -3.0666511e-01   1.0895995e+00   7.6163926e-01   2.3308516e+00   8.4913882e-01  -6.2308707e-01
   2.0000000e+00  -8.7711601e-01   6.9417063e-01  -4.2246258e-01   1.9090970e+00  -5.0960248e-01  -3.2044621e-01   2.4921593e-01  -1.5970605e-01   2.6544171e-02  -2.9428554e-01
   2.0000000e+00  -5.3528155e-01  -1.1139521e+00   1.6907610e-01  -8.8199441e-01  -9.3538810e-01   8.6284839e-01  -2.2813866e+00  -1.5365694e+00   1.7896655e+00   1.7291589e+00
   2.0000000e+00  -3.2950219e-03   9.0670344e-01  -9.5862535e-02  -2.0059667e-01   3.8704495e-02  -9.0198829e-01  -1.6297664e+00   1.0033453e+00   4.2835739e-01  -6.6261745e-01
   1.0000000e+00   5.2058279e-01   2.3185725e-01   8.9669656e-01  -9.3333412e-01   3.6976730e-01  -1.2079005e+00  -9.3353420e-01  -3.5770180e-01   6.6961048e-01   6.6080486e-01
   2.0000000e+00  -1.5890058e+00  -6.3212579e-01   9.3801333e-01  -7.2806379e-02   7.1500135e-01   1.1099039e+00   3.1494443e-01  -1.4296512e+00  -1.8126899e+00   1.0424112e+00
   1.0000000e+00   3.4130559e-01   1.7702058e-01  -2.0653782e+00   1.1585667e+00  -9.7926994e-01  -9.3656479e-01  -3.8728280e-01   1.9582326e-01   7.5636136e-01  -1.2160803e+00
   2.0000000e+00  -7.1153409e-02  -1.5617574e+00   1.2871535e+00  -4.3007630e-01  -5.4112111e-01  -7.6478899e-02   5.4216403e-01   7.3566811e-01   2.5563004e-01   9.8007730e-02
   2.0000000e+00  -1.3018107e+00   1.6156015e+00   1.0585039e-01  -1.1094830e+00  -6.1438410e-01   1.2008660e+00   1.9574244e+00   8.9755785e-01  -1.3655960e+00   2.8987093e-01
   2.0000000e+00   8.4545827e-01   2.2419574e+00   3.3718273e-01  -2.1862745e-01   1.2799190e+00   4.8292645e-01  -5.7842770e-01   1.1000075e+00   2.6526190e-01   1.1048860e+00
   2.0000000e+00   1.5478361e+00   8.9474336e-01  -2.1804782e+00   1.5514935e+00   1.0623132e+00  -3.2051337e-01  -1.2835938e+00   1.0156686e+00   1.8606270e-01  -5.6621872e-01
   2.0000000e+00  -1.2668092e-02  -2.0692316e+00  -8.3349246e-01   1.1348259e+00  -1.9464230e+00   7.0628902e-01   6.8846227e-02   1.0321034e+00   1.5669859e+00   1.3322941e+00
   2.0000000e+00  -2.6319115e-01  -3.1678079e-01   1.3913819e+00   1.7991168e+00  -1.0504650e-01   4.6524674e-01   2.7700868e-01  -2.7403085e-01  -5.9538323e-01  -1.6474106e+00
   2.0000000e+00  -8.2034063e-02  -1.9972717e+00   8.6476186e-01  -3.8751771e-01  -8.4057561e-01   1.5367168e+00  -5.8499778e-01  -5.2929271e-03  -9.0720704e-01  -2.6771943e-01
   2.0000000e+00   6.7725211e-02  -4.4150570e-01  -1.4106768e+00  -7.7860767e-01   2.4988188e-01   1.2305887e+00   3.0498175e-01   1.3615245e+00   7.4757573e-01  -6.1229276e-01
   2.0000000e+00   9.6547594e-01  -1.1471576e+00   1.0319514e+00  -1.0931698e+00  -2.8535186e+00   2.7027251e-01   9.2629212e-01   1.2269882e+00   1.5101842e-01  -1.0322355e+00
   2.0000000e+00   1.5003316e+00  -1.7583784e+00   1.9963642e+00  -1.1613601e+00   1.8876578e-01   2.3966324e-01   9.5263366e-01  -7.9018519e-01   3.3665904e-02  -2.9549253e-01
   1.0000000e+00  -6.9114323e-01   3.3319573e-01  -8.9335299e-01  -7.7761384e-01   1.1840705e+00  -1.5611192e-01  -5.9716838e-01   1.6385809e+00   1.9316493e+00  -1.4566120e-01
   2.0000000e+00  -1.4918355e+00  -1.6948862e+00  -4.6994949e-01  -5.0689645e-01  -8.2810204e-02   1.3606689e-01  -1.0626821e+00   9.1410391e-01   1.5162927e-01  -1.3208545e+00
   2.0000000e+00   6.2068184e-01  -1.7480137e-01  -7.7890517e-01  -3.9039635e-01  -5.5439916e-01   9.5124110e-01   2.0439151e+00  -2.8505609e-01   7.1255035e-01   4.1034651e-01
   2.0000000e+00   3.0660242e-01   9.4824463e-01   9.7873939e-01  -6.1054703e-01  -1.6761312e+00  -1.7857250e+00  -2.3436279e+00  -7.7000498e-01  -2.6627036e+00  -1.4757092e+00
   2.0000000e+00  -2.8275762e-01  -1.4733604e+00   1.5233093e+00  -1.0042977e-01   3.6761622e-01  -1.2606753e+00   1.4780197e-01   1.3042649e+00  -9.0680152e-01  -1.9970514e-01
   2.0000000e+00  -1.4874880e-01  -9.5900291e-01   1.2169758e+00  -2.6178101e-02   1.8661094e+00  -5.1155901e-01   1.1528236e+00   1.4004541e+00   5.7517844e-01   2.9631105e-01
   2.0000000e+00  -3.0437496e-01  -1.5307271e-02  -9.9229066e-02   3.7562313e-01   5.9940426e-01  -1.4508317e-01   6.7271446e-02   1.2112573e+00  -9.1960569e-02  -1.6766642e+00
   1.0000000e+00   1.9325548e+00   7.4613108e-01  -6.0058685e-01  -4.3788270e-01  -1.2228393e+00   5.8145302e-01   3.4723570e-01  -6.5889844e-01   1.1735795e+00  -2.1650431e-02
   2.0000000e+00   9.4084642e-01  -3.7229024e-01   1.3292705e+00   2.5992491e-01   3.3868852e-01   1.0025239e+00   5.0227611e-01  -4.1087876e-01  -2.1405311e-01  -2.0920899e+00
   2.0000000e+00   2.9669988e-01   1.1122622e+00   1.6579790e+00  -3.8539490e-01   1.1767586e-01  -3.4796457e-01  -2.0811767e+00  -4.7691688e-01   7.4611820e-01  -2.9529935e-01
   2.0000000e+00   7.1646816e-01   8.3181483e-01  -8.7906064e-01   1.5936050e+00  -1.7875314e+00   4.7156090e-01   1.1165143e+00   4.3121876e-01  -2.7932005e-02  -1.4565679e-03
   2.0000000e+00   4.0728063e-01   1.4243001e+00   3.1459224e-01  -2.3054381e-01  -2.6466266e-01  -8.0191118e-01  -6.2380137e-01  -6.7303685e-01  -7.5226484e-01  -1.4446670e+00
   2.0000000e+00   1.3685909e+00  -3.6402939e-01  -5.9843170e-01  -5.6985636e-01  -1.5517165e+00  -2.7155654e-01  -2.2953221e-01  -1.6255810e+00   1.3624146e+00   2.3904798e-01
   2.0000000e+00   2.5069111e-01  -8.7952196e-01  -1.1975480e+00  -1.9977144e-03   5.5233877e-01   3.7484858e-01   1.3353660e-02   4.0975570e-01  -1.4220895e-01  -1.1829119e+00
   2.0000000e+00   8.6577882e-01  -9.4415226e-01  -1.6347114e+00  -2.2366715e-01   2.5444219e-01  -2.0122472e+00   3.0228879e+00  -1.1898930e+00  -2.1449065e-01  -1.2731215e-01
   2.0000000e+00  -5.0210350e-01   9.6012888e-01  -1.2785185e+00   2.2021252e+00   2.6232309e+00   3.4253534e-01  -3.6172199e-01  -6.9515031e-01   9.3769737e-02   6.2225924e-02
   2.0000000e+00  -7.9981430e-01  -1.2846414e+00   8.7224577e-02  -8.2608275e-01   9.1023841e-01  -1.2650244e-01  -1.2865502e+00   8.0722373e-01  -2.2666756e+00  -1.0605889e-01
   2.0000000e+00   1.3524505e-01   1.6030309e+00   6.7868996e-01   1.3375558e+00   1.3542790e+00  -9.9525078e-01  -6.8402440e-01   3.8881498e-01  -1.0255766e+00   2.5170743e+00
   2.0000000e+00  -1.0507153e-01   6.7614612e-01  -9.2095600e-01  -9.4788241e-01   9.6111899e-01  -1.9719096e-01  -9.6678018e-01  -1.1940998e-01  -6.5640041e-01  -1.1479737e+00
   1.0000000e+00   1.2752950e+00   8.1401878e-01   5.4735887e-02  -2.0254105e-01   6.4288451e-01  -8.3532496e-01   1.4879478e-01  -3.5322594e-01  -1.0117202e+00   7.5294093e-01
   2.0000000e+00   9.3264900e-02  -1.0906010e+00   1.7097587e+00  -2.0441176e-01  -1.2364227e+00   1.2814394e+00   2.5415301e-01  -2.8106885e-02  -3.7252438e-01   1.3934151e+00
   2.0000000e+00   4.3415023e-01  -2.5092553e-01  -4.2136872e-01   3.9720052e-01   4.7140690e-01  -3.0708875e-01  -6.6009024e-01   5.5103613e-01   9.2769422e-01  -2.4915547e-01
   2.0000000e+00   1.1636102e+00  -2.4554221e-01   8.6242430e-01   4.5751222e-01   1.3863150e+00  -1.4460576e+00  -1.3670311e+00   1.1045824e-01  -6.0336263e-01   2.5065245e-01
   1.0000000e+00  -2.1793490e-01   1.7450578e-01  -8.5826059e-01  -1.0359179e+00   1.5466847e+00  -5.0488296e-01   1.7022315e-01   1.4708286e-01  -5.6340399e-01   8.7942006e-01
   1.0000000e+00  -1.4192713e+00   3.1218033e-02  -2.5459303e-01  -7.8696809e-01   1.9471381e+00   4.5474546e-01  -5.1713980e-01   1.2949424e+00  -4.0925685e-01  -8.4934042e-01
   2.0000000e+00  -7.1517479e-02   4.8381687e-01   4.7979329e-01  -1.5377557e+00  -2.2938352e+00  -6.5174213e-01  -1.1928994e+00   4.2914408e-01  -1.0710797e+00  -2.0956728e-01
   2.0000000e+00   1.6555397e-01  -2.9468186e-01  -1.2872212e+00   1.0648183e+00   4.7742587e-01  -8.7597018e-02  -8.8471985e-01  -1.5471165e-01  -1.0823321e+00  -1.6565479e+00
   2.0000000e+00  -9.1424201e-01  -1.8233408e-01  -1.8590736e+00   2.0443610e+00  -9.4888219e-01  -7.1746696e-01   1.2234577e-01  -1.4453762e+00   1.3224358e+00  -3.0574589e-01
   2.0000000e+00  -5.0627411e-01  -3.3015684e-01  -1.3851443e+00  -9.4245973e-01  -1.8827735e+00   1.5531974e-01  -8.9817421e-01   1.5713337e+00   5.2830404e-01  -1.3025601e+00
   2.0000000e+00  -1.1020985e+00  -1.1411573e+00   1.0468901e-02  -2.1914633e+00   5.1053733e-01   6.2176878e-01  -8.9089371e-01  -3.6885542e-01  -3.6032402e-01  -2.8516017e-01
   2.0000000e+00   3.8995568e-01   4.3316217e-02   2.3799751e-01   7.5987972e-01  -7.8312700e-01  -1.3301285e+00  -1.2625045e+00   3.3962319e-01  -8.4926417e-01  -1.0206356e+00
   2.0000000e+00  -9.0917467e-01  -2.5003263e+00  -2.3093935e+00   1.6628476e+00  -8.7396163e-01  -2.9519774e-01  -2.9380578e-02  -5.1338766e-01  -1.9419039e+00   6.7200507e-01
   1.0000000e+00   1.0077457e+00   9.5365552e-01  -2.3151225e-01   1.7385185e+00  -5.6219479e-01  -4.6089645e-01  -2.9325181e-01  -9.6335303e-01   6.1436150e-01   1.9202178e+00
   2.0000000e+00   7.4807689e-01   1.3607894e+00  -1.9719416e+00   7.9048695e-01   1.4242814e+00  -1.2099920e-01   1.9637255e+00   8.7008636e-01   1.3169026e-01  -2.2373711e-01
   2.0000000e+00  -5.2723933e-01   4.3431027e-01   1.7463902e-01   1.7991646e+00  -6.6185670e-01   1.3040381e+00  -9.1456634e-01   7.9699187e-01  -1.7636340e-01  -2.9387677e-01
   2.0000000e+00   8.0861936e-02   2.2682965e+00  -2.2506426e-01   1.1522401e+00  -6.2135971e-01  -1.1709509e+00  -2.8658829e-01  -8.7253048e-01  -3.8511907e-01  -6.1844046e-01
   2.0000000e+00  -7.8830686e-01  -9.8112523e-01   1.1177254e+00   2.9804269e-01  -8.2715909e-01  -1.5786723e-01  -7.0163720e-01   1.8631096e+00   1.4178366e+00  -5.5840459e-01
   2.0000000e+00  -5.1293036e-02  -1.7446623e+00  -9.2987817e-01  -1.0772100e+00  -7.0165042e-01   9.4077449e-01   4.9048130e-01   6.3888176e-01   1.4677209e+00  -1.4299231e+00
   2.0000000e+00  -7.8190946e-01  -1.5507309e+00  -8.4661369e-02  -7.2419963e-01   6.6993386e-01   4.8001781e-01   3.3963055e-01   2.8903317e-01   8.3437834e-01  -1.5818100e+00
   2.0000000e+00  -6.7891441e-01  -8.3749991e-01  -7.3673522e-01   1.4682192e+00  -1.1546416e-01  -1.1046060e+00   5.0844022e-01   1.8239372e-01  -4.7552911e-02  -1.8865697e+00
   2.0000000e+00  -3.8471424e-01  -5.2857186e-01   6.0081141e-01   1.2360442e+00   6.6389005e-01  -2.6137445e+00   1.1552478e+00   1.4187576e+00  -3.8454691e-01  -3.3346334e-01
   2.0000000e+00   1.3339056e+00  -1.4912004e-01  -1.1857751e+00  -3.3984125e-01  -4.1544184e-02  -2.6296194e+00  -5.5400971e-01  -6.2559445e-01   4.4686600e-01   1.1545934e+00
   2.0000000e+00  -6.6184392e-01   9.2179291e-01  -1.5443299e-01  -9.2354749e-01  -8.5932838e-01   3.3075641e-01  -4.0336424e-01  -1.8514133e-01   2.7099531e-01   3.4012988e-01
   1.0000000e+00  -8.4692582e-02   7.7813319e-01   6.9233770e-02   5.7809109e-01  -1.0698276e+00  -3.9989630e-02  -2.1806258e-01   5.0012901e-01   8.6012092e-01   9.8101052e-01
   2.0000000e+00  -1.2602451e+00  -1.0807764e+00   3.6807611e-01  -8.5313113e-01  -1.5285465e+00   5.3175961e-02   2.1758208e+00  -1.5953007e+00   2.6932147e-01   1.1364258e+00
   2.0000000e+00   1.8568721e+00  -3.4544878e-01  -1.2229514e+00   8.1274142e-02   3.3069989e-01  -2.0911685e+00   3.9417830e-01  -1.4157348e-01  -8.2264608e-01   1.0579532e+00
   2.0000000e+00  -1.4015790e-01  -2.6965146e-01   6.8847383e-01  -3.1167799e-01   3.0874911e-01   4.8056943e-01  -1.0061889e+00   4.9477797e-01   8.0315654e-02   1.7058021e+00
   2.0000000e+00   8.5674970e-01   1.1041568e+00  -1.7565933e+00  -1.4217595e+00   7.9597657e-01  -8.2069275e-02  -1.4192829e+00  -2.4519165e-01  -1.5626199e-01  -6.5261615e-01
   1.0000000e+00  -2.7663511e-01   5.3503143e-01  -8.3819107e-02  -1.5928087e+00   8.5364142e-01  -9.9426574e-01   4.7722324e-01  -2.5965183e-01  -3.0279349e-01   1.1292352e+00
   2.0000000e+00   1.8393079e+00  -2.4289349e-01   1.1115279e+00  -5.4890824e-01  -2.4798516e-01  -1.5660147e-01   1.2499239e-01   2.3274971e-01  -1.2386432e+00  -3.1094443e-01
   2.0000000e+00   1.4448179e+00  -1.0705693e+00  -3.3102652e-02   9.3345803e-01   8.4632088e-01  -1.0165018e+00  -1.3750908e+00   2.0079796e-01   1.8589776e+00  -6.7969124e-01
   1.0000000e+00  -6.1549523e-01   6.2730578e-01  -6.2994516e-01  -7.0152815e-01   5.6224928e-01   1.0861782e-01  -5.4574954e-01   1.8914442e-01  -1.1204724e-01   9.8325590e-01
   2.0000000e+00  -3.1349962e-01  -4.9139238e-01   7.4034149e-01   1.5881371e+00   6.7002042e-02  -1.9105147e-01   2.1714338e+00  -1.1261073e-01   6.0159605e-01   1.8472006e+00
   2.0000000e+00   6.1808309e-01   1.0259629e+00  -1.2046439e-01   6.5040431e-01  -7.3733530e-01  -7.1863036e-01  -1.2723538e+00   7.2897124e-01  -6.7447756e-01  -1.3981583e-02
   2.0000000e+00  -6.7863532e-01   1.6235178e+00  -7.2017768e-01  -8.2712302e-01   9.5908254e-01   1.5790058e+00  -2.2051076e+00   4.9260916e-01  -3.8886265e-01   9.3055999e-01
   2.0000000e+00   2.5250020e-01  -1.1405339e-01  -2.5825978e-02  -1.4048291e+00  -2.7149163e-01   9.2371800e-01  -2.1981102e-01  -1.2025339e+00   6.0342671e-01  -2.7211586e-01
   1.0000000e+00  -8.8899004e-01   6.2750725e-01  -9.6350613e-01  -1.0102751e+00   1.3192818e+00   5.9433254e-01   7.9967566e-02  -1.1599747e+00   4.9186239e-01  -5.5006475e-01
   2.0000000e+00   4.8686447e-01  -7.1914195e-01   6.6805612e-02  -3.5480949e-01  -8.1576668e-01   8.9519904e-01  -9.0423096e-01  -2.7988720e-01  -1.6013500e+00  -5.5994638e-01
   2.0000000e+00   1.5317742e+00  -6.8997322e-01   8.2440037e-01  -1.2773640e+00   1.2189209e+00   1.0816626e+00  -1.2385599e-01   1.3885259e-01   9.9310881e-01   1.6965601e+00
   2.0000000e+00  -3.1297859e-01   1.8015056e+00   1.0571624e+00   1.1640499e+00  -2.3457495e-01   2.4854987e-01   1.2650443e+00   1.0491247e-01  -4.2092052e-01  -1.9228354e+00
   2.0000000e+00  -2.8841060e-01  -1.2918387e-01  -8.5939921e-02  -2.6434858e-01  -2.5852922e-01  -1.9741576e-02  -3.1561913e-01   1.0502288e+00  -1.9772930e-01  -4.4483428e-01
   1.0000000e+00  -8.2929037e-03   7.3008010e-01  -1.0034294e+00   1.7318236e+00  -7.1262757e-02  -1.0407582e+00  -5.7773788e-01   1.5025939e+00   3.5941060e-01  -2.4710391e-02
   2.0000000e+00  -7.0401442e-01  -2.5229916e-01  -3.0128971e-01  -1.8737737e+00   8.7972853e-01  -1.0402053e+00  -3.5012883e-01  -1.8656481e-01   1.9907222e+00   5.2350296e-01
   2.0000000e+00   7.6997464e-01   1.9773394e+00   1.2504432e+00   5.6903783e-01   1.3392440e+00   1.6850203e-01  -6.9298952e-01  -3.9198762e-01   1.2797630e+00   1.7063225e+00
   2.0000000e+00  -9.0604873e-02  -1.2390240e-01   7.1973955e-01   7.1676978e-01   2.1726963e+00   5.0357084e-01   9.9695390e-01   6.4009414e-01  -1.0968555e-01   1.6585735e+00
   2.0000000e+00   7.5262490e-01  -2.0824744e-01  -4.6424369e-02  -9.5734370e-01   3.5965066e-01   1.1458453e+00   9.6295500e-01  -9.0011096e-01   7.6401803e-02   1.0161331e+00
   2.0000000e+00   4.2933176e-01   1.6542993e+00  -1.6810779e-02   1.0161290e+00   2.5384618e-01   3.4539857e-01   4.5875719e-01  -1.2599540e+00   5.1736027e-01  -5.2866848e-01
   2.0000000e+00  -3.5648739e-01  -1.0592903e+00  -3.1609187e-01   9.3140636e-01   3.1602948e-01   6.0473217e-01   9.8009408e-01  -3.6715198e-01   1.2296955e+00  -3.2738537e-01
   2.0000000e+00  -1.7284457e-01   9.5824054e-01   4.4484441e-01  -5.2932951e-01  -1.6951284e+00   9.7396094e-01   2.0074040e+00  -3.1178038e+00  -1.4175435e-01  -3.2622077e-01
   2.0000000e+00  -8.3301961e-01  -3.9386054e-01  -1.0373712e-01  -1.4616393e+00   1.4778494e+00   3.1222803e-01   3.3206435e-01  -1.4180501e+00   6.0668570e-01  -2.9965335e+00
   2.0000000e+00  -1.2062453e+00   2.9294524e+00   6.4737709e-01  -2.4148160e-01   1.0010580e+00   7.6326047e-01  -3.0463681e-01   4.0959357e-01  -5.7395742e-01  -8.2883911e-01
   2.0000000e+00  -1.6742678e+00  -4.9729712e-01   6.3478284e-01  -3.4638613e-01   1.6391901e+00   9.0439074e-01  -1.6663809e+00  -1.0507132e+00   3.2027473e-02   1.2331686e+00
   2.0000000e+00   1.0547160e+00  -5.0264174e-01   6.7614271e-01  -6.0884449e-01   3.5895967e-01  -8.1609827e-01   1.7432885e+00  -3.4477486e-01  -3.4128695e-01   3.0409194e-01
   1.0000000e+00   5.3643296e-01   1.3106805e-01   2.8813348e+00   8.7960965e-01   5.2783066e-01  -1.2950684e+00  -3.9845874e-01  -7.8705064e-01   7.4230808e-01   1.1676971e+00
   2.0000000e+00  -1.6024120e+00  -5.6675684e-01   6.5479270e-01  -9.5616136e-01   1.4136617e+00  -4.3561261e-01  -2.3661684e-02   3.7799145e-01  -3.6714435e-01  -7.8405528e-01
   2.0000000e+00   1.3714146e+00  -1.1913924e+00   1.1247876e+00   9.2782783e-01  -5.1502455e-01  -1.8447664e+00   1.4688441e+00   5.4090690e-01  -8.5165308e-01   1.3171738e+00
   2.0000000e+00  -3.0745129e-01  -4.5100023e-02  -1.4502312e+00  -4.7642135e-01   2.3952460e-01  -1.9038792e+00  -5.1842748e-01  -2.0247845e-01  -7.0032385e-01   2.6888682e-01
   2.0000000e+00   5.7234267e-01  -7.4783924e-01   7.5235292e-02   6.4034207e-02  -1.6149120e+00   8.5854252e-01  -1.0505895e+00  -3.8352178e-01  -2.5917087e-01  -4.3735386e-01
   2.0000000e+00   1.9259610e+00  -6.9844400e-01   8.0053053e-02   7.2173913e-01   4.7909707e-01  -6.7831302e-01  -5.8452671e-01   1.4547232e-02   1.8887953e-02   1.1426396e+00
   2.0000000e+00  -6.6536764e-02   3.5296865e-01   1.7635917e+00   6.8618550e-01  -1.3675858e+00  -7.9170468e-01  -1.2957026e+00  -1.1617943e-01  -1.7062070e-02   8.2826093e-01
   1.0000000e+00   5.1948740e-01   8.2509801e-01  -5.6527792e-01   3.8084366e-02   1.2030855e+00   2.1198188e-03  -4.7054770e-01  -4.6728012e-01   1.1269699e-01   5.9508751e-01
   2.0000000e+00  -1.1078223e-01   2.9299368e-01  -1.0575198e+00  -3.5120089e-02  -2.3020606e-01  -8.0200085e-01   1.4901262e+00   7.8246123e-01  -4.3697756e-01  -9.1754175e-01
   2.0000000e+00   6.5471131e-01  -2.7559654e+00  -9.1153111e-01   7.5305390e-01   8.6775967e-01  -1.0928547e+00   8.1526311e-02   1.1646398e+00   1.3503231e+00  -1.1925500e+00
   2.0000000e+00  -1.5881147e+00  -2.4735478e-01  -4.4316697e-01  -6.4770384e-02  -2.3726716e-01  -7.6657411e-01   3.5419486e-01  -4.7739789e-01   4.0623096e-01   6.0000372e-01
   2.0000000e+00   3.4731770e-01  -2.1089501e+00   1.2947164e+00  -4.4300957e-01   3.0506364e-01  -2.6523130e-01   9.2124133e-01   1.0743097e+00  -1.2413910e+00   4.1887270e-02
   2.0000000e+00   7.1094388e-01  -1.1631226e+00   1.2774550e-01  -4.8619220e-01  -3.9931054e-01  -5.8067886e-02   6.5702599e-01  -2.1027985e-01  -1.9346050e+00  -7.5698898e-01
   2.0000000e+00   2.2350971e+00  -2.0364821e+00  -6.3176670e-01   6.7047979e-01  -5.6306114e-01  -3.6346607e-01  -2.1752983e-01  -6.3164002e-01  -1.0875555e-01  -7.8857288e-01
   2.0000000e+00  -1.2838515e+00   3.7745827e-01  -4.2860478e-01   1.8183863e-02  -7.0638550e-01  -1.0435740e+00  -1.2130317e+00  -1.0883468e+00  -6.1493479e-01   1.0853744e+00
   2.0000000e+00  -7.5926643e-01   1.5887238e-02   1.2672551e-01  -2.0686206e+00   1.8555720e-01  -9.6540168e-01   7.9498447e-01   1.9315651e-01   1.5488764e+00  -3.4728205e-02
   2.0000000e+00   8.6754761e-01  -9.8848034e-01   3.0207849e-01  -1.0514656e+00  -6.0583502e-01  -7.3014358e-01   1.4614899e-01  -6.9685597e-01   1.0769213e+00   1.7786528e-01
   2.0000000e+00   6.9086071e-01  -1.1224875e-01  -2.1392058e+00  -9.5036832e-01  -1.5106017e+00  -9.7782989e-01   1.0861360e+00   9.0280872e-02  -5.9693597e-02   2.7563933e-01
   2.0000000e+00   1.1688148e+00  -1.8566421e+00   2.4111133e-01   7.3714728e-01   3.1437954e-01   1.8734267e-01  -7.4962719e-01   2.1960583e+00   4.0955767e-01   4.3480610e-01
   2.0000000e+00  -4.6427351e-01   1.2614699e+00  -1.0295645e+00   1.0025080e+00  -5.2783987e-01  -1.1641378e+00  -1.8661553e-01   1.0670799e+00   3.9303065e-01   5.4228039e-01
